WFO,FAR,POD,CSI,
AKQ,0.51,0.52,0.34,
CYS,0.42,0.61,0.42,
MFL,0.8,0.41,0.16,
MAF,0.73,0.63,0.23,
JAN,0.62,0.58,0.3,
MLB,0.63,0.63,0.3,
OAX,0.27,0.82,0.63,
GGW,0.36,0.75,0.53,
LUB,0.6,0.61,0.32,
EKA,0,0,0,
SGF,0.46,0.53,0.37,
ILN,0.47,0.66,0.42,
UNR,0.3,0.71,0.54,
AMA,0.39,0.67,0.47,
MTR,1,0,0,
BOX,0.47,0.54,0.37,
LBF,0.51,0.76,0.42,
FGF,0.34,0.57,0.44,
LKN,0.89,0.17,0.07,
HGX,0.79,0.75,0.2,
SGX,0.81,0.62,0.17,
FWD,1,0,0,
STO,0.7,0.67,0.26,
CHS,0.48,0.56,0.37,
CAR,0.76,0.8,0.23,
FSD,0.32,0.78,0.57,
LSX,0.4,0.72,0.49,
BOI,1,0,0,
MSO,0.55,0.77,0.4,
MKX,0.53,0.54,0.34,
MFR,1,0,0,
TBW,0.55,0.38,0.26,
MEG,0.58,0.64,0.34,
PIH,0.58,0.42,0.27,
OTX,0.7,0.54,0.24,
GRB,0.51,0.66,0.39,
SEW,1,0,0,
FFC,0.58,0.42,0.27,
CAE,0.48,0.72,0.43,
LWX,0.5,0.6,0.38,
OHX,0.69,0.57,0.25,
DTX,0.38,0.73,0.5,
IND,0.38,0.56,0.42,
DVN,0.48,0.43,0.31,
FGZ,0.95,0.24,0.04,
DLH,0.71,0.52,0.23,
LIX,0.82,0.52,0.15,
ABR,0.4,0.72,0.49,
BUF,0.44,0.57,0.39,
RLX,0.36,0.66,0.48,
ILM,0.76,0.67,0.21,
EPZ,0.81,0.67,0.17,
APX,0.51,0.65,0.39,
BTV,0.45,0.65,0.42,
OKX,0.39,0.63,0.45,
GLD,0.48,0.66,0.41,
REV,0.71,0.55,0.23,
SLC,0.74,0.45,0.2,
MQT,0.68,0.73,0.29,
MOB,0.88,1,0.12,
JAX,0.82,0.26,0.12,
BMX,0.6,0.57,0.31,
CLE,0.31,0.73,0.55,
PQR,1,0,0,
PAH,0.55,0.57,0.34,
GID,0.54,0.61,0.36,
CTP,0.47,0.68,0.42,
MPX,0.53,0.6,0.36,
RAH,0.6,0.6,0.32,
ARX,0.46,0.7,0.44,
EAX,0.35,0.67,0.49,
TFX,0.65,0.58,0.28,
BYZ,0.42,0.67,0.45,
LOX,0.83,0.6,0.15,
SJT,0.7,0.83,0.28,
DDC,0.25,0.76,0.61,
ALY,0.43,0.74,0.47,
ILX,0.56,0.58,0.33,
OUN,0.48,0.77,0.45,
IWX,0.34,0.72,0.53,
HNX,0.64,0.43,0.24,
LCH,0.49,0.59,0.38,
PDT,0.2,0.67,0.57,
RNK,0.45,0.64,0.42,
TOP,0.43,0.67,0.45,
SHV,0.47,0.66,0.42,
ABQ,0.6,0.81,0.37,
GJT,0.72,0.4,0.2,
BIS,0.7,0.79,0.28,
RIW,0.84,0.58,0.14,
PSR,0.8,0.64,0.18,
PBZ,0.38,0.69,0.48,
EWX,0.8,0.38,0.15,
MHX,0.63,0.81,0.34,
BRO,0.87,0.33,0.1,
TWC,0.81,0.62,0.17,
DMX,0.41,0.74,0.49,
GYX,0.72,0.55,0.23,
MRX,0.26,0.77,0.61,
LMK,0.48,0.63,0.4,
PUB,0.57,0.68,0.36,
ICT,0.42,0.69,0.46,
CRP,0.85,0.47,0.13,
TSA,0.43,0.68,0.45,
PHI,0.63,0.61,0.3,
JKL,0.5,0.55,0.35,
BGM,0.44,0.75,0.47,
GSP,0.47,0.55,0.37,
VEF,0.93,0.39,0.06,
LOT,0.66,0.47,0.25,
SJU,0,0,0,
TAE,0.77,0.33,0.16,
BOU,0.45,0.7,0.45,
EYW,1,0,0,
LZK,0.6,0.7,0.34,
GRR,0.3,0.67,0.52,
HUN,0.62,0.62,0.31,
